75.9259259259, 18.5185185185, 5.55555555556
73.9837398374, 18.6991869919, 6.50406504065, 0.0, 0.0, 0.813008130081
54.8192771084, 34.9397590361, 9.03614457831, 0.602409638554, 0.0, 0.602409638554
68.1818181818, 23.5537190083, 6.61157024793, 1.23966942149, 0.413223140496
79.7202797203, 18.8811188811, 1.3986013986
79.2452830189, 13.8364779874, 5.66037735849, 1.25786163522
33.3333333333, 22.2222222222, 33.3333333333, 0.0, 11.1111111111
88.8086642599, 9.38628158845, 1.80505415162
54.1666666667, 37.5, 8.33333333333
36.8421052632, 22.8070175439, 26.3157894737, 10.5263157895, 3.50877192982
58.4905660377, 36.4779874214, 5.03144654088
83.3333333333, 13.4057971014, 2.17391304348, 0.724637681159, 0.36231884058
87.037037037, 9.25925925926, 3.7037037037
84.0909090909, 14.0151515152, 1.51515151515, 0.378787878788
86.0215053763, 13.9784946237
89.8550724638, 7.82608695652, 2.02898550725, 0.289855072464
49.4623655914, 26.8817204301, 17.2043010753, 5.37634408602, 1.0752688172
78.8461538462, 16.4835164835, 3.84615384615, 0.549450549451, 0.274725274725
80.1652892562, 17.3553719008, 2.47933884298
93.5483870968, 6.45161290323
72.3577235772, 22.7642276423, 4.87804878049
66.6666666667, 23.3333333333, 6.66666666667, 3.33333333333
86.4197530864, 12.3456790123, 1.23456790123
72.7272727273, 27.2727272727
42.1052631579, 36.8421052632, 21.0526315789
65.9793814433, 23.7113402062, 10.3092783505
79.5454545455, 17.0454545455, 2.27272727273, 1.13636363636
59.0909090909, 29.5454545455, 11.3636363636
54.8192771084, 34.9397590361, 9.03614457831, 0.602409638554, 0.0, 0.602409638554
